1.711000124107568e-01 0.000000000000000e+00
8.107808190559092e-02 0.000000000000000e+00
-3.836402807504784e-03 0.000000000000000e+00
-1.428046310673584e-01 0.000000000000000e+00
1.486787679694007e-01 0.000000000000000e+00
2.124499957264289e-02 0.000000000000000e+00
1.389070233037448e-01 0.000000000000000e+00
4.868651551829014e-02 0.000000000000000e+00
4.839105831766888e-02 0.000000000000000e+00
-1.264077842680668e-01 0.000000000000000e+00
-9.137168877358898e-02 0.000000000000000e+00
1.578163869270240e-01 0.000000000000000e+00
-5.541442156809080e-02 0.000000000000000e+00
1.474434740488051e-01 0.000000000000000e+00
1.345150778080021e-01 0.000000000000000e+00
1.507779188019021e-01 0.000000000000000e+00
5.396705497086312e-02 0.000000000000000e+00
1.658365649809142e-01 0.000000000000000e+00
-9.131253646012490e-02 0.000000000000000e+00
1.253571061201104e-01 0.000000000000000e+00
-1.146309976784456e-01 0.000000000000000e+00
4.327411357556292e-02 0.000000000000000e+00
1.102078437599504e-01 0.000000000000000e+00
-1.234946118696902e-01 0.000000000000000e+00
-6.581868501309138e-02 0.000000000000000e+00
1.526747352579549e-01 0.000000000000000e+00
1.081626227226772e-01 0.000000000000000e+00
6.575992566731319e-02 0.000000000000000e+00
-1.136135246625297e-01 0.000000000000000e+00
3.340620544647464e-02 0.000000000000000e+00
-1.097270192718454e-01 0.000000000000000e+00
-8.348600239632884e-03 0.000000000000000e+00
-8.523096217911764e-03 0.000000000000000e+00
1.386196364419249e-01 0.000000000000000e+00
9.525857167459278e-03 0.000000000000000e+00
-5.354518440012777e-02 0.000000000000000e+00
8.032468460878182e-02 0.000000000000000e+00
-4.387474173642781e-03 0.000000000000000e+00
-1.649711629697861e-01 0.000000000000000e+00
-7.894026311653965e-02 0.000000000000000e+00
2.026650366060478e-03 0.000000000000000e+00
-1.591624099308253e-01 0.000000000000000e+00
1.871180891948697e-02 0.000000000000000e+00
-2.296805451435202e-03 0.000000000000000e+00
6.740280245275732e-02 0.000000000000000e+00
1.213575896927483e-01 0.000000000000000e+00
8.101174096062717e-02 0.000000000000000e+00
-9.219645161556612e-02 0.000000000000000e+00
-1.554318888082955e-02 0.000000000000000e+00
-1.275839692195660e-01 0.000000000000000e+00
-1.128938013180904e-02 0.000000000000000e+00
-1.558645105350989e-01 0.000000000000000e+00
8.367440219600335e-03 0.000000000000000e+00
-1.704677630995212e-02 0.000000000000000e+00
-7.478329827378148e-02 0.000000000000000e+00
5.714426516202484e-02 0.000000000000000e+00
-1.618775761746983e-01 0.000000000000000e+00
-1.010591334248439e-01 0.000000000000000e+00
-1.089654437533787e-01 0.000000000000000e+00
1.296538425252799e-01 0.000000000000000e+00
-1.058478975623151e-01 0.000000000000000e+00
1.680098026518408e-01 0.000000000000000e+00
1.599547991514614e-01 0.000000000000000e+00
-4.724762736620754e-02 0.000000000000000e+00
-1.619629433847977e-01 0.000000000000000e+00
-1.669828826353885e-01 0.000000000000000e+00
-1.104964737446079e-02 0.000000000000000e+00
1.090058271588899e-01 0.000000000000000e+00
-1.353540996720934e-01 0.000000000000000e+00
1.206299180748959e-01 0.000000000000000e+00
1.706214180859787e-01 0.000000000000000e+00
-9.180976679137574e-02 0.000000000000000e+00
-1.853536563175084e-02 0.000000000000000e+00
-1.121201752686526e-01 0.000000000000000e+00
1.507456138622612e-01 0.000000000000000e+00
-1.467713278407140e-01 0.000000000000000e+00
-1.307107817033980e-01 0.000000000000000e+00
1.368268149160211e-01 0.000000000000000e+00
-7.880608234013466e-03 0.000000000000000e+00
-1.382842562103442e-02 0.000000000000000e+00
-5.325983137714611e-02 0.000000000000000e+00
8.530261360588685e-02 0.000000000000000e+00
1.602451734282072e-01 0.000000000000000e+00
4.212251364499298e-02 0.000000000000000e+00
-8.093087630606906e-02 0.000000000000000e+00
8.244307173537671e-02 0.000000000000000e+00
9.428238321271350e-03 0.000000000000000e+00
1.682855638212340e-02 0.000000000000000e+00
-1.707343295262234e-01 0.000000000000000e+00
-9.484179884768210e-02 0.000000000000000e+00
1.150178617762153e-02 0.000000000000000e+00
-3.854787066065864e-02 0.000000000000000e+00
-6.913700502401487e-02 0.000000000000000e+00
1.620205620725485e-01 0.000000000000000e+00
1.087452763567384e-01 0.000000000000000e+00
-6.569184090832401e-02 0.000000000000000e+00
-1.109315600449028e-01 0.000000000000000e+00
-6.263184679491678e-02 0.000000000000000e+00
-1.322115589195682e-02 0.000000000000000e+00
-1.131996267464143e-01 0.000000000000000e+00
1.455737269471053e-01 0.000000000000000e+00
-1.491473267982394e-01 0.000000000000000e+00
-2.546894612397590e-02 0.000000000000000e+00
4.905405870483691e-02 0.000000000000000e+00
6.589611542328672e-02 0.000000000000000e+00
1.220632775891462e-01 0.000000000000000e+00
-3.586760491914661e-02 0.000000000000000e+00
1.484826696044898e-01 0.000000000000000e+00
1.475271578401560e-01 0.000000000000000e+00
-1.700651296196508e-01 0.000000000000000e+00
-1.405533142549108e-01 0.000000000000000e+00
1.168546462831081e-03 0.000000000000000e+00
1.337470109924208e-01 0.000000000000000e+00
-9.632375456898275e-02 0.000000000000000e+00
8.565583275376806e-02 0.000000000000000e+00
-6.299388731838103e-02 0.000000000000000e+00
6.175704543018577e-02 0.000000000000000e+00
2.549366324961379e-02 0.000000000000000e+00
2.415325605044283e-02 0.000000000000000e+00
8.183814993244830e-02 0.000000000000000e+00
1.088296284799931e-01 0.000000000000000e+00
-1.682865629726495e-02 0.000000000000000e+00
1.690523776340115e-01 0.000000000000000e+00
-1.124458375973993e-01 0.000000000000000e+00
1.527106583368124e-01 0.000000000000000e+00
2.750033361509658e-02 0.000000000000000e+00
-1.286009468029858e-01 0.000000000000000e+00
6.905261959571303e-03 0.000000000000000e+00
4.729632412581654e-02 0.000000000000000e+00
-4.622550917265835e-02 0.000000000000000e+00
-9.375935103115408e-02 0.000000000000000e+00
6.703313873863709e-02 0.000000000000000e+00
6.821282566007343e-02 0.000000000000000e+00
4.698812575271947e-02 0.000000000000000e+00
-9.295449982676304e-02 0.000000000000000e+00
-9.426217836322875e-02 0.000000000000000e+00
-1.709281258590215e-01 0.000000000000000e+00
7.013061314105044e-02 0.000000000000000e+00
1.114329716734408e-01 0.000000000000000e+00
-6.541403378916634e-02 0.000000000000000e+00
1.094331011149834e-01 0.000000000000000e+00
-1.405862119925207e-01 0.000000000000000e+00
1.326777459191137e-01 0.000000000000000e+00
6.970725818507825e-02 0.000000000000000e+00
-1.596790187001988e-01 0.000000000000000e+00
-1.086633346265157e-01 0.000000000000000e+00
7.404087172325588e-02 0.000000000000000e+00
1.266873181503406e-01 0.000000000000000e+00
-1.455358215008462e-03 0.000000000000000e+00
-1.632444796901856e-01 0.000000000000000e+00
-1.464870901384272e-01 0.000000000000000e+00
-1.444780476249427e-01 0.000000000000000e+00
8.484717871853514e-02 0.000000000000000e+00
3.438725182396801e-02 0.000000000000000e+00
-4.739596390314496e-02 0.000000000000000e+00
8.263078216838082e-02 0.000000000000000e+00
8.438084622852028e-02 0.000000000000000e+00
6.758405999303133e-02 0.000000000000000e+00
8.785642948515177e-02 0.000000000000000e+00
-3.632429806799378e-02 0.000000000000000e+00
1.477147046163015e-03 0.000000000000000e+00
-1.549747886685847e-01 0.000000000000000e+00
-9.534960950719924e-02 0.000000000000000e+00
3.199647498675134e-02 0.000000000000000e+00
1.516847854374177e-01 0.000000000000000e+00
-1.038085998834572e-01 0.000000000000000e+00
-1.207986197717365e-01 0.000000000000000e+00
7.390312459777944e-02 0.000000000000000e+00
-1.351641933369353e-01 0.000000000000000e+00
-1.097216842494788e-01 0.000000000000000e+00
8.131712067499430e-02 0.000000000000000e+00
-9.284065823551159e-02 0.000000000000000e+00
1.080197571373180e-01 0.000000000000000e+00
6.009319666369167e-02 0.000000000000000e+00
1.224679388523917e-01 0.000000000000000e+00
-7.894050820344188e-02 0.000000000000000e+00
-2.092525199717969e-03 0.000000000000000e+00
7.863361573877380e-02 0.000000000000000e+00
-2.269074059673036e-02 0.000000000000000e+00
-1.405167142390178e-01 0.000000000000000e+00
-6.811646188829511e-02 0.000000000000000e+00
-1.384585802453412e-01 0.000000000000000e+00
-4.034294115369590e-02 0.000000000000000e+00
-1.243418610365612e-01 0.000000000000000e+00
6.731555215298063e-02 0.000000000000000e+00
2.378475227621944e-02 0.000000000000000e+00
4.818849574587306e-02 0.000000000000000e+00
-1.087695511148597e-01 0.000000000000000e+00
-8.595921129692700e-05 0.000000000000000e+00
-7.587485239136796e-02 0.000000000000000e+00
-1.514366892887237e-01 0.000000000000000e+00
1.670290400843427e-01 0.000000000000000e+00
1.023937383748621e-01 0.000000000000000e+00
-4.624052974893747e-02 0.000000000000000e+00
-3.999438821821463e-03 0.000000000000000e+00
-1.452650218273573e-01 0.000000000000000e+00
-1.378202074266985e-01 0.000000000000000e+00
8.025615206423005e-02 0.000000000000000e+00
-1.295817372574850e-01 0.000000000000000e+00
-5.112449564668427e-02 0.000000000000000e+00
4.176277356009868e-02 0.000000000000000e+00
3.271079606131258e-02 0.000000000000000e+00
-1.623074727837417e-01 0.000000000000000e+00
-1.399059492328833e-01 0.000000000000000e+00
-6.931113576225481e-02 0.000000000000000e+00
-2.690885366546914e-02 0.000000000000000e+00
1.454903878390896e-01 0.000000000000000e+00
1.612259734439641e-01 0.000000000000000e+00
1.003129673071307e-01 0.000000000000000e+00
-1.122646163899041e-01 0.000000000000000e+00
1.185988531168637e-01 0.000000000000000e+00
-8.662429603824402e-02 0.000000000000000e+00
-1.300665395474453e-01 0.000000000000000e+00
1.386112257223542e-02 0.000000000000000e+00
-8.162666336090489e-02 0.000000000000000e+00
2.351512401613650e-02 0.000000000000000e+00
-3.471408094484617e-02 0.000000000000000e+00
2.974805491663714e-02 0.000000000000000e+00
5.669817608523357e-03 0.000000000000000e+00
1.580381177486303e-01 0.000000000000000e+00
-9.310261788896512e-02 0.000000000000000e+00
1.540034520668563e-01 0.000000000000000e+00
-1.460026604188034e-01 0.000000000000000e+00
1.264852822444823e-01 0.000000000000000e+00
2.503454934970565e-02 0.000000000000000e+00
-1.635378295896397e-01 0.000000000000000e+00
5.634221572480870e-02 0.000000000000000e+00
4.650704183582593e-02 0.000000000000000e+00
3.452581452471468e-02 0.000000000000000e+00
-1.140478165816753e-01 0.000000000000000e+00
-7.931258725057712e-02 0.000000000000000e+00
-9.583179121581545e-02 0.000000000000000e+00
1.410262038553632e-01 0.000000000000000e+00
7.583732238382253e-02 0.000000000000000e+00
-1.371220879030799e-01 0.000000000000000e+00
-1.638248351166371e-01 0.000000000000000e+00
2.359065173607655e-02 0.000000000000000e+00
-1.341626428425954e-01 0.000000000000000e+00
-4.498867477411485e-02 0.000000000000000e+00
1.610721213362464e-01 0.000000000000000e+00
-9.000424297544352e-02 0.000000000000000e+00
-1.298522494558297e-01 0.000000000000000e+00
-1.488834227037059e-01 0.000000000000000e+00
-3.877241982228630e-02 0.000000000000000e+00
-7.881664944199465e-02 0.000000000000000e+00
2.633725204838063e-02 0.000000000000000e+00
-1.705007878425023e-01 0.000000000000000e+00
6.597516439503338e-02 0.000000000000000e+00
8.179639480518522e-02 0.000000000000000e+00
9.147268003467410e-02 0.000000000000000e+00
1.706981090922557e-01 0.000000000000000e+00
1.705037625090849e-01 0.000000000000000e+00
-1.598262125075030e-02 0.000000000000000e+00
1.551241963850779e-02 0.000000000000000e+00
-4.734662685798774e-02 0.000000000000000e+00
-1.147937130719253e-01 0.000000000000000e+00
4.620239722281120e-02 0.000000000000000e+00
4.752486957439746e-02 0.000000000000000e+00
3.061973006885321e-02 0.000000000000000e+00
-5.914762159563586e-02 0.000000000000000e+00
2.811561615607589e-02 0.000000000000000e+00
-5.386941254023987e-02 0.000000000000000e+00
1.063941374656515e-01 0.000000000000000e+00
1.151623935700593e-01 0.000000000000000e+00
-9.585222378258451e-03 0.000000000000000e+00
8.242362158782236e-02 0.000000000000000e+00
2.474034610801394e-02 0.000000000000000e+00
2.494935328611664e-02 0.000000000000000e+00
1.156256183326572e-01 0.000000000000000e+00
-9.501360524420815e-02 0.000000000000000e+00
-1.383624183754518e-01 0.000000000000000e+00
-1.352040825847847e-01 0.000000000000000e+00
-9.571879738940135e-02 0.000000000000000e+00
-1.315098199818986e-02 0.000000000000000e+00
3.958079259719254e-02 0.000000000000000e+00
-2.329431011913061e-02 0.000000000000000e+00
-1.838754524336760e-02 0.000000000000000e+00
-2.317807183931638e-02 0.000000000000000e+00
-1.180352028009199e-01 0.000000000000000e+00
-2.200817851400308e-02 0.000000000000000e+00
3.834986498421794e-02 0.000000000000000e+00
1.633603003023986e-01 0.000000000000000e+00
3.981701509818038e-02 0.000000000000000e+00
-1.596315888072171e-01 0.000000000000000e+00
4.069401252441958e-03 0.000000000000000e+00
-4.772203577242402e-02 0.000000000000000e+00
7.771267891598096e-02 0.000000000000000e+00
-1.013927233109458e-01 0.000000000000000e+00
1.019718819866588e-01 0.000000000000000e+00
5.004464610189934e-02 0.000000000000000e+00
-5.362765104339078e-02 0.000000000000000e+00
6.315076221767761e-02 0.000000000000000e+00
-1.628491929212733e-01 0.000000000000000e+00
-4.906381947397565e-03 0.000000000000000e+00
1.122506457990598e-02 0.000000000000000e+00
1.015425647898238e-01 0.000000000000000e+00
2.093601128031673e-02 0.000000000000000e+00
7.890186016617860e-02 0.000000000000000e+00
3.695376027264945e-02 0.000000000000000e+00
-3.064142121582631e-02 0.000000000000000e+00
3.679257404296286e-02 0.000000000000000e+00
-2.012481697830328e-03 0.000000000000000e+00
5.508180103415170e-02 0.000000000000000e+00
7.978307538183797e-02 0.000000000000000e+00
1.324761673600756e-01 0.000000000000000e+00
1.038837937561540e-01 0.000000000000000e+00
1.573640914785935e-02 0.000000000000000e+00
-4.707305824430829e-02 0.000000000000000e+00
3.433438651541530e-02 0.000000000000000e+00
9.072900844905935e-02 0.000000000000000e+00
-8.603671963137148e-03 0.000000000000000e+00
1.532260373691088e-01 0.000000000000000e+00
1.342072861070601e-01 0.000000000000000e+00
1.108838670579837e-01 0.000000000000000e+00
-5.452538699664111e-02 0.000000000000000e+00
3.217505617167884e-02 0.000000000000000e+00
7.320212092081654e-02 0.000000000000000e+00
6.044282858708906e-02 0.000000000000000e+00
-1.610616037935715e-01 0.000000000000000e+00
-7.544083312741720e-02 0.000000000000000e+00
-4.330041245191052e-02 0.000000000000000e+00
1.322057388227345e-01 0.000000000000000e+00
7.530957188100946e-03 0.000000000000000e+00
-4.517683968556186e-02 0.000000000000000e+00
7.848109423940050e-02 0.000000000000000e+00
1.515663212968425e-01 0.000000000000000e+00
-4.157098413526336e-02 0.000000000000000e+00
1.107947494446048e-01 0.000000000000000e+00
1.587285736056026e-01 0.000000000000000e+00
-1.237761126619993e-01 0.000000000000000e+00
-6.052173095288641e-03 0.000000000000000e+00
-8.228544500252699e-02 0.000000000000000e+00
-9.788431928482783e-02 0.000000000000000e+00
-1.347392787805001e-01 0.000000000000000e+00
-1.546082266264183e-01 0.000000000000000e+00
-9.433464600268537e-02 0.000000000000000e+00
-2.004879127619842e-02 0.000000000000000e+00
1.175403484421738e-01 0.000000000000000e+00
-8.195400145939405e-02 0.000000000000000e+00
-2.684493570252646e-03 0.000000000000000e+00
5.353260640644773e-02 0.000000000000000e+00
5.048503523499369e-02 0.000000000000000e+00
1.615670164896915e-01 0.000000000000000e+00
1.464089539480693e-02 0.000000000000000e+00
2.000713176151099e-02 0.000000000000000e+00
-1.332930144369153e-01 0.000000000000000e+00
-1.442057830074407e-01 0.000000000000000e+00
-1.301517231813994e-01 0.000000000000000e+00
-4.897726236537237e-02 0.000000000000000e+00
-1.440256670813199e-01 0.000000000000000e+00
1.593707452712299e-01 0.000000000000000e+00
6.067020182549261e-02 0.000000000000000e+00
-1.039177010032083e-01 0.000000000000000e+00
9.880328696662530e-02 0.000000000000000e+00
-1.618675070550031e-01 0.000000000000000e+00
6.817256129221892e-02 0.000000000000000e+00
5.468637068702162e-02 0.000000000000000e+00
-6.421075191502157e-02 0.000000000000000e+00
1.425580336457876e-01 0.000000000000000e+00
1.554952801053007e-01 0.000000000000000e+00
-5.423267276146073e-02 0.000000000000000e+00
1.608728785924312e-01 0.000000000000000e+00
-1.656966095236491e-02 0.000000000000000e+00
7.324754884581863e-02 0.000000000000000e+00
1.395284886319280e-01 0.000000000000000e+00
-1.148785834153399e-01 0.000000000000000e+00
-1.137051361705900e-02 0.000000000000000e+00
-1.506320462010390e-01 0.000000000000000e+00
2.235905499442675e-03 0.000000000000000e+00
-6.431876050174166e-02 0.000000000000000e+00
3.831140530372867e-02 0.000000000000000e+00
-1.408208119480998e-01 0.000000000000000e+00
-4.592559244215484e-02 0.000000000000000e+00
1.559908102856023e-01 0.000000000000000e+00
6.108536198696079e-02 0.000000000000000e+00
2.946437814146078e-02 0.000000000000000e+00
2.886458547515270e-02 0.000000000000000e+00
-1.277393629207116e-01 0.000000000000000e+00
1.146945865747738e-01 0.000000000000000e+00
-1.170424293816697e-03 0.000000000000000e+00
-1.653103944759137e-01 0.000000000000000e+00
3.717835485025053e-02 0.000000000000000e+00
-2.019847053240645e-02 0.000000000000000e+00
-2.643746518245432e-03 0.000000000000000e+00
5.394683402659481e-02 0.000000000000000e+00
1.681938923959596e-01 0.000000000000000e+00
-1.681562487688034e-01 0.000000000000000e+00
1.164085368089674e-01 0.000000000000000e+00
5.948919226342655e-02 0.000000000000000e+00
-1.049226221595482e-01 0.000000000000000e+00
-2.258043874238348e-02 0.000000000000000e+00
2.272863106368597e-03 0.000000000000000e+00
-1.275937363628764e-01 0.000000000000000e+00
1.667649799819566e-01 0.000000000000000e+00
1.130751880946958e-01 0.000000000000000e+00
1.584583396398530e-01 0.000000000000000e+00
1.253519532397004e-01 0.000000000000000e+00
1.409752790040331e-01 0.000000000000000e+00
-9.563517845524756e-02 0.000000000000000e+00
2.338949339430834e-02 0.000000000000000e+00
-9.292351561550038e-02 0.000000000000000e+00
8.427872259583097e-02 0.000000000000000e+00
6.224585404641976e-02 0.000000000000000e+00
2.784237071290211e-02 0.000000000000000e+00
1.446447522937868e-01 0.000000000000000e+00
-2.073038942480894e-02 0.000000000000000e+00
-4.512539008054582e-02 0.000000000000000e+00
-8.343760745375030e-02 0.000000000000000e+00
4.373341376063927e-02 0.000000000000000e+00
-4.118091351041520e-02 0.000000000000000e+00
1.647077243491416e-01 0.000000000000000e+00
1.000642783604677e-01 0.000000000000000e+00
1.567598475688264e-01 0.000000000000000e+00
-1.771305270267023e-02 0.000000000000000e+00
2.006371448700468e-02 0.000000000000000e+00
1.332713774704017e-01 0.000000000000000e+00
1.227613464380998e-01 0.000000000000000e+00
6.141045653636250e-02 0.000000000000000e+00
1.795666621510952e-02 0.000000000000000e+00
-3.218294181885494e-02 0.000000000000000e+00
1.364718666147094e-01 0.000000000000000e+00
-1.559141669262588e-01 0.000000000000000e+00
-1.417860505391080e-01 0.000000000000000e+00
1.574248196466585e-01 0.000000000000000e+00
-1.344816857533762e-01 0.000000000000000e+00
6.822892745522878e-02 0.000000000000000e+00
-2.459974080394296e-02 0.000000000000000e+00
-5.727385000127298e-02 0.000000000000000e+00
3.720693121814993e-02 0.000000000000000e+00
1.178738070203384e-01 0.000000000000000e+00
4.711251803233878e-02 0.000000000000000e+00
-5.555788266044193e-02 0.000000000000000e+00
1.317680590313253e-01 0.000000000000000e+00
-1.621278046431834e-01 0.000000000000000e+00
1.420905872692665e-01 0.000000000000000e+00
1.699709977640965e-01 0.000000000000000e+00
-7.268050922342260e-02 0.000000000000000e+00
1.510138480909913e-01 0.000000000000000e+00
-8.729823609760846e-02 0.000000000000000e+00
-1.640227721113776e-01 0.000000000000000e+00
1.189709584574572e-01 0.000000000000000e+00
7.556884131529301e-03 0.000000000000000e+00
4.836656078224638e-02 0.000000000000000e+00
1.462836133510539e-01 0.000000000000000e+00
1.467483814599770e-01 0.000000000000000e+00
8.725902028100016e-02 0.000000000000000e+00
-1.528693980000425e-01 0.000000000000000e+00
4.224537022729317e-02 0.000000000000000e+00
-6.934472398201509e-02 0.000000000000000e+00
9.299541228852612e-02 0.000000000000000e+00
9.745376964189284e-02 0.000000000000000e+00
8.491424424746796e-02 0.000000000000000e+00
1.349253834002963e-01 0.000000000000000e+00
-1.396414838925307e-01 0.000000000000000e+00
-7.318175098028452e-02 0.000000000000000e+00
-6.029865390621506e-02 0.000000000000000e+00
-1.534831147257414e-01 0.000000000000000e+00
-6.169506617156854e-03 0.000000000000000e+00
-1.045520646272000e-03 0.000000000000000e+00
-1.193192165874969e-01 0.000000000000000e+00
-4.315141236369814e-02 0.000000000000000e+00
-1.012356804522246e-01 0.000000000000000e+00
3.705306652144317e-03 0.000000000000000e+00
-7.266703788957747e-03 0.000000000000000e+00
3.774145045390132e-02 0.000000000000000e+00
-1.381513164851710e-01 0.000000000000000e+00
-9.321989962068820e-03 0.000000000000000e+00
5.783124996379275e-02 0.000000000000000e+00
9.132164196441191e-02 0.000000000000000e+00
2.767642632338868e-02 0.000000000000000e+00
9.330329960204377e-02 0.000000000000000e+00
1.389547819446324e-01 0.000000000000000e+00
1.669445174519948e-01 0.000000000000000e+00
5.066480743390510e-02 0.000000000000000e+00
1.031017240008069e-01 0.000000000000000e+00
-1.245019351326388e-01 0.000000000000000e+00
1.146361212376657e-01 0.000000000000000e+00
4.283486812822754e-02 0.000000000000000e+00
-8.576489722203184e-02 0.000000000000000e+00
-5.900162023650420e-02 0.000000000000000e+00
8.648529495383803e-02 0.000000000000000e+00
-1.528629377770150e-01 0.000000000000000e+00
1.508223386516483e-01 0.000000000000000e+00
1.161099941905301e-01 0.000000000000000e+00
-1.671662675554706e-01 0.000000000000000e+00
-1.330335960063680e-02 0.000000000000000e+00
-1.259544076007601e-01 0.000000000000000e+00
-1.062714655749766e-04 0.000000000000000e+00
-7.505217230999689e-02 0.000000000000000e+00
-1.308207098719284e-02 0.000000000000000e+00
-1.710747965061827e-01 0.000000000000000e+00
5.122104315396212e-04 0.000000000000000e+00
5.345094051850573e-02 0.000000000000000e+00
4.676940752401736e-02 0.000000000000000e+00
-4.633654565029476e-03 0.000000000000000e+00
1.462145895172177e-01 0.000000000000000e+00
1.329701937139166e-02 0.000000000000000e+00
1.939149656948186e-02 0.000000000000000e+00
1.282591828384380e-01 0.000000000000000e+00
6.664764923099654e-02 0.000000000000000e+00
