3.277442583177647e-01 4.571241667531609e-17
5.365125298482507e-01 7.483157997561287e-17
6.587958988270080e-01 9.188974704476048e-17
7.190984938169630e-01 1.003048882702284e-16
7.358779169404263e-01 1.026514548135964e-16
7.229349256548744e-01 1.008542891587667e-16
6.904960823184838e-01 9.633968577450473e-17
6.460564401819358e-01 9.015296413215487e-17
5.950339901657291e-01 8.304977411629190e-17
5.412765191211265e-01 7.556680785584324e-17
4.874529200206333e-01 6.807638997059612e-17
4.353542076091603e-01 6.082847080169224e-17
3.861241259062242e-01 5.398279801568751e-17
3.404349873643529e-01 4.763344925136945e-17
2.986210249552227e-01 4.182743974513298e-17
2.607788845246214e-01 3.657874850328124e-17
2.268427898922138e-01 3.187881426070613e-17
1.966402616829272e-01 2.770432201494119e-17
1.699329707508572e-01 2.402291949797009e-17
1.464462851203453e-01 2.079736032110017e-17
1.258902674564543e-01 1.798845857233247e-17
1.079742519822215e-01 1.555715190389035e-17
9.241663880562863e-02 1.346590149575202e-17
7.895116071766226e-02 1.167960365810468e-17
6.733057962821816e-02 1.016614602825840e-17
5.732853867908213e-02 8.896708788027624e-18
4.874011729337349e-02 7.845886076222073e-18
4.138149860359863e-02 6.991683225799104e-18
3.508905286864735e-02 6.315430383928024e-18
2.971805957538945e-02 5.801641511659872e-18
2.514122936644156e-02 5.437838955461920e-18
2.124714038149930e-02 5.214357148584910e-18
1.793866862954797e-02 5.124134078033849e-18
1.513146595302943e-02 5.162495584379013e-18
1.275251991989781e-02 5.326935064690441e-18
1.073881596491390e-02 5.616889499477120e-18
9.036112040059906e-03 6.033511742479047e-18
7.597828952841884e-03 6.579438550319852e-18
6.384054720519018e-03 7.258553765112760e-18
5.360658071964520e-03 8.075746293891686e-18
4.498504246478676e-03 9.036662965900697e-18
3.772765135320781e-03 1.014745691618082e-17
3.162315333499091e-03 1.141453277584785e-17
2.649205625985563e-03 1.284429058970445e-17
2.218205682045536e-03 1.444287098303322e-17
1.856408169013239e-03 1.621590462289274e-17
1.552887046189172e-03 1.816826943481792e-17
1.298403405695963e-03 2.030385932170424e-17
1.085152851447711e-03 2.262536827414071e-17
9.065490233558078e-04 2.513409375457625e-17
7.570384640189716e-04 2.782976308264552e-17
6.319425785510167e-04 3.071038625335723e-17
5.273229488040591e-04 3.377213819681966e-17
4.398667283772697e-04 3.700927295545489e-17
3.667892641667812e-04 4.041407163341145e-17
3.057514651174403e-04 4.397682528666300e-17
2.547897716188676e-04 4.768585319586774e-17
2.122568725977745e-04 5.152755622245815e-17
1.767715750612435e-04 5.548650421586683e-17
1.471764560107249e-04 5.954555573890069e-17
1.225021226015005e-04 6.368600772936738e-17
1.019370763578245e-04 6.788777213657476e-17
8.480232416365568e-05 7.212957607544680e-17
7.053000539629003e-05 7.638918163939461e-17
5.864541347357920e-05 8.064362121283227e-17
4.875188351592943e-05 8.486944392887071e-17
4.051809781278632e-05 8.904296882742159e-17
3.366742913288832e-05 9.314054028076764e-17
2.796900021931318e-05 9.713878136192426e-17
2.323018746098122e-05 1.010148410278140e-16
1.929033895236004e-05 1.047466312644990e-16
1.601551300496821e-05 1.083130506841386e-16
1.329407357926930e-05 1.116941914606738e-16
1.103300486028165e-05 1.148715269306918e-16
9.154828991492132e-06 1.178280776545905e-16
7.595029400063130e-06 1.205485542184315e-16
6.299897698594386e-06 1.230194755467264e-16
5.224735268699029e-06 1.252292619797146e-16
4.332351690124129e-06 1.271683028354184e-16
3.591811492352346e-06 1.288289986181406e-16
2.977388542909094e-06 1.302057784436728e-16
2.467693977016937e-06 1.312950936213456e-16
2.044949111292821e-06 1.320953886596054e-16
1.694379434837801e-06 1.326070512419148e-16
1.403709674060856e-06 1.328323429516299e-16
1.162743201145941e-06 1.327753127075444e-16
9.630118001543160e-07 1.324416950065772e-16
7.974841037430232e-07 1.318387951581695e-16
6.603229385694510e-07 1.309753637387615e-16
5.466834286507647e-07 1.298614624973535e-16
4.525450537952366e-07 1.285083239082855e-16
3.745719872518978e-07 1.269282064990697e-16
3.099969787011315e-07 1.251342479837361e-16
2.565248356872327e-07 1.231403181101886e-16
2.122522138144268e-07 1.209608729880467e-16
1.756009746729862e-07 1.186108125058060e-16
1.452628282987742e-07 1.161053422771842e-16
1.201533588912155e-07 1.134598413802754e-16
9.937385099923466e-08 1.106897369733707e-16
8.217959888083246e-08 1.078103866914415e-16
6.795360299483658e-08 1.048369695503717e-16
5.618474190883124e-08 1.017843859147247e-16
4.644966142273758e-08 9.866716692141447e-17
3.839775052598463e-08 9.549939359797115e-17
3.173868019943102e-08 9.229462577165469e-17
2.623206960862410e-08 8.906584073557237e-17
2.167891789075500e-08 8.582538152098486e-17
1.791450099902571e-08 8.258491452158355e-17
1.480248400826925e-08 7.935539612586090e-17
1.223004163340120e-08 7.614704793768306e-17
1.010381490884857e-08 7.296934010249893e-17
8.346561223564188e-09 6.983098220677926e-17
6.894379203201482e-09 6.673992118061895e-17
5.694410111865643e-09 6.370334560717075e-17
4.702934204447648e-09 6.072769582683381e-17
3.883794374460312e-09 5.781867921795297e-17
3.207090992162787e-09 5.498129003820733e-17
2.648101413439814e-09 5.221983322087708e-17
2.186385593969866e-09 4.953795153676945e-17
1.805045842217161e-09 4.693865555477652e-17
1.490114218616783e-09 4.442435586087281e-17
1.230045628068832e-09 4.199689702593407e-17
1.015298417294043e-09 3.965759284621581e-17
8.379874096375716e-10 3.740726241587806e-17
6.915968971018271e-10 3.524626662785772e-17
5.707432537265879e-10 3.317454473701462e-17
4.709786114550366e-10 3.119165065722663e-17
3.886285120334832e-10 2.929678870147366e-17
3.206576683324364e-10 2.748884851048220e-17
2.645589789315052e-10 2.576643895082947e-17
2.182617767077176e-10 2.412792079721896e-17
1.800559852250319e-10 2.257143804568550e-17
1.485294305895929e-10 2.109494773457919e-17
1.225160315489258e-10 1.969624817816885e-17
1.010529839188688e-10 1.837300554350800e-17
8.334538096642787e-11 1.712277872476548e-17
6.873698080230555e-11 1.594304249052683e-17
5.668605479178556e-11 1.483120889863888e-17
4.674543547128521e-11 1.378464699004683e-17
3.854603508328265e-11 1.280070078782752e-17
3.178323210073156e-11 1.187670564034605e-17
2.620562754742436e-11 1.101000295825713e-17
2.160575929603341e-11 1.019795340405444e-17
1.781243395658370e-11 9.437948600163549e-18
1.468439503455230e-11 8.727421427306896e-18
1.210509487513630e-11 8.063854989173842e-18
9.978378286062585e-12 7.444790322438231e-18
8.224919108508662e-12 6.867832933011549e-18
6.779278594832671e-12 6.330658240229405e-18
5.587477254529212e-12 5.831016010567467e-18
4.604990674845077e-12 5.366733861588069e-18
3.795095395350486e-12 4.935719915243368e-18
3.127503783522797e-12 4.535964677510479e-18
2.577237490055937e-12 4.165542218706585e-18
2.123697846013571e-12 3.822610725818327e-18
1.749898819814595e-12 3.505412494862637e-18
1.441834145552845e-12 3.212273427750893e-18
1.187955184541960e-12 2.941602094422283e-18
9.787401704734127e-13 2.691888417206009e-18
8.063388649855831e-13 2.461702030518386e-18
6.642794385797934e-13 2.249690365146509e-18
5.472266940115333e-13 2.054576502554878e-18
4.507826500905674e-13 1.875156840909260e-18
3.713220731129169e-13 1.710298610871525e-18
3.058568386498315e-13 1.558937275703697e-18
2.519240758271402e-13 1.420073846847658e-18
2.074939289417062e-13 1.292772142933396e-18
1.708934998246926e-13 1.176156017124099e-18
1.407441356544113e-13 1.069406574838164e-18
1.159097231451662e-13 9.717594012007178e-19
9.545405952661064e-14 8.825018150723447e-19
7.860570862033542e-14 8.009701641800033e-19
6.472902911764608e-14 7.265471737322413e-19
5.330029218621434e-14 6.586593589339265e-19
4.388799530481909e-14 5.967745100195312e-19
3.613663577937450e-14 5.403992567922753e-19
2.975333653684377e-14 4.890767181820220e-19
2.449682331966069e-14 4.423842410099533e-19
2.016834026809439e-14 3.999312309645673e-19
1.660416334667753e-14 3.613570777428723e-19
1.366943083792996e-14 3.263291753842315e-19
1.125305941571722e-14 2.945410380134044e-19
9.263554956490060e-15 2.657105105053411e-19
7.625560763265943e-15 2.395780729787758e-19
6.277013513601999e-15 2.159052375103762e-19
5.166800029462648e-15 1.944730350282250e-19
4.252826753919638e-15 1.750805899850870e-19
3.500429308310832e-15 1.575437801210173e-19
2.881062272284099e-15 1.416939783945103e-19
2.371219855187911e-15 1.273768739851101e-19
1.951546804061900e-15 1.144513691421413e-19
1.606106045577085e-15 1.027885485683412e-19
1.321775454328562e-15 9.227071797843885e-20
1.087750998610143e-15 8.279050845631888e-20
8.951375192044829e-16 7.425004324589039e-20
7.366116968764935e-16 6.656016364611886e-20
6.061444838999107e-16 5.963971073617552e-20
4.987725160957561e-16 5.341485972899868e-20
4.104098686249154e-16 4.781850383773339e-20
3.376930404937116e-16 4.278968463683617e-20
2.778533065606082e-16 3.827306600570436e-20
2.286116088917890e-16 3.421844885538563e-20
1.880920104414604e-16 3.058032395637480e-20
1.547504352413972e-16 2.731746030606886e-20
1.273159969580075e-16 2.439252659670242e-20
1.047426935593194e-16 2.177174346729352e-20
8.616963784977169e-17 1.942456434524068e-20
7.088831654617633e-17 1.732338280383535e-20
5.831563655393793e-17 1.544326448034166e-20
4.797173618720472e-17 1.376170171483311e-20
3.946171952356730e-17 1.225838918216299e-20
3.246062070200287e-17 1.091501889788637e-20
2.670102737189840e-17 9.715093083341451e-21
2.196289330314588e-17 8.643753475213644e-21
1.806515318033237e-17 7.687625760592041e-21
1.485882096495666e-17 6.834677909692554e-21
1.222130950264192e-17 6.074091265024430e-21
1.005175540629210e-17 5.396143327820883e-21
8.267171414630318e-18 4.792101260082721e-21
6.799279852978463e-18 4.254125193669689e-21
5.591906699216603e-18 3.775180506617567e-21
4.598837062506711e-18 3.348958291380993e-21
3.782050422641841e-18 2.969803300140297e-21
3.110268418473711e-18 2.632648708816010e-21
2.557759862181544e-18 2.332957094167807e-21
2.103357442973403e-18 2.066667067482090e-21
1.729648640390810e-18 1.830145054045773e-21
1.422309999416821e-18 1.620141750036029e-21
1.169559378791899e-18 1.433752827800172e-21
9.617052775949856e-19 1.268383496928286e-21
7.907760439156693e-19 1.121716562202924e-21
6.502148138478107e-19 9.916836506104335e-22
5.346285347705186e-19 8.764393082780401e-22
4.395814892018687e-19 7.743376946151850e-22
3.614254328342049e-19 6.839116252362977e-22
2.971598572471681e-19 6.038537375686602e-22
2.443170373934369e-19 5.329995735401942e-22
2.008674700141719e-19 4.703123925281435e-22
1.651420876818712e-19 4.148695449543728e-22
1.357682738342668e-19 3.658502526532136e-22
1.116172313570623e-19 3.225246565237252e-22
9.176069108212663e-20 2.842440051136171e-22
7.543530352405919e-20 2.504318697642479e-22
6.201335088940923e-20 2.205762828662275e-22
5.097865805885036e-20 1.942227057183975e-22
4.190678008073629e-20 1.709677415287970e-22
3.444870731061001e-20 1.504535173185826e-22
2.831746392841210e-20 1.323626659574934e-22
2.327708630101122e-20 1.164138463360670e-22
1.913355876020714e-20 1.023577458244775e-22
1.572735931473670e-20 8.997351473513949e-23
1.292732947203137e-20 7.906558754654816e-23
1.062563306738059e-20 6.946085020563932e-23
8.733610723240427e-21 6.100611694807464e-23
7.178370884728361e-21 5.356588379961689e-23
5.899986611260406e-21 4.702032928330356e-23
4.849190528632039e-21 4.126353588959639e-23
3.985479449051690e-21 3.620190860045268e-23
3.275555879652464e-21 3.175276922111969e-23
2.692046564202367e-21 2.784310749080701e-23
2.212448832850683e-21 2.440847193843914e-23
1.818264277807170e-21 2.139198524359889e-23
1.494286463690536e-21 1.874347047482827e-23
1.228015295356483e-21 1.641867602521697e-23
1.009175529918575e-21 1.437858836465117e-23
8.293209198055555e-22 1.258882289373266e-23
6.815087633858185e-22 1.101908422938837e-23
5.600323450571927e-22 9.642688188526691e-24
4.602009714916350e-22 8.436138574596820e-24
3.781591402720994e-22 7.378752622381894e-24
3.107378816500750e-22 6.452329627686209e-24
2.553325513159453e-22 5.640857888790010e-24
2.098023693912602e-22 4.930255622896003e-24
1.723878373735379e-22 4.308141999828836e-24
1.416428526078664e-22 3.763634862880242e-24
1.163789054398008e-22 3.287172088244722e-24
9.561920924437359e-23 2.870353874761383e-24
7.856099589180099e-23 2.505803558986531e-24
6.454452359375965e-23 2.187044820854690e-24
5.302760255714019e-23 1.908393385836646e-24
4.356465639071721e-23 1.664861543710632e-24
3.578951193469548e-23 1.452073994645541e-24
2.940125383229394e-23 1.266193702781804e-24
2.415259826118949e-23 1.103856588154582e-24
1.984033733368912e-23 9.621140216676986e-25
1.629748549343066e-23 8.383822067160110e-25
1.338682485474756e-23 7.303976365986809e-25
1.099560037408966e-23 6.361779105241420e-25
9.031160087599286e-24 5.539872740835489e-25
7.417372102439727e-24 4.823063237283911e-25
6.091679995517766e-24 4.198053800706895e-25
5.002682905970082e-24 3.653210926599837e-25
4.108146856082850e-24 3.178358901093288e-25
3.373370479308330e-24 2.764599347821714e-25
2.769842015098864e-24 2.404152813723811e-25
2.274135675675916e-24 2.090219741980887e-25
1.867004733068445e-24 1.816858494092208e-25
1.532636272149033e-24 1.578878360441332e-25
1.258038799921947e-24 1.371745743765659e-25
1.032539033800901e-24 1.191501916384471e-25
8.473684100268311e-25 1.034690943140760e-25
6.953233204566494e-25 8.982965306762762e-26
5.704859354778546e-25 7.796867124688678e-26
4.679948127354412e-25 6.765654103076640e-26
3.838564160867053e-25 5.869300285977422e-26
3.147902510255369e-25 5.090343398745111e-26
2.581016228119718e-25 4.413560097671659e-26
2.115770919033372e-25 3.825681887962810e-26
1.733985792701754e-25 3.315146680771292e-26
1.420727957061365e-25 2.871881573380300e-26
1.163732621797153e-25 2.487112976346848e-26
9.529267553650985e-26 2.153200686163693e-26
7.800377427265611e-26 1.863492919467997e-26
6.382718813852626e-26 1.612199691810127e-26
5.220502571525749e-26 1.394282246501569e-26
4.267917628809378e-26 1.205356522390512e-26
3.487348491049387e-26 1.041608898250176e-26
2.847910957153913e-26 8.997226699415831e-27
2.324249264845895e-26 7.768139082760297e-27
1.895548011428359e-26 6.703755137691865e-27
1.544720519623458e-26 5.782284320844999e-27
1.257742156362837e-26 4.984791234074745e-27
1.023102731104628e-26 4.294824924766339e-27
8.313567167891631e-27 3.698095854607872e-27
6.747538296179450e-27 3.182194470232610e-27
5.469356202901509e-27 2.736346072548108e-27
4.426862898221995e-27 2.351197350103407e-27
3.577280467603073e-27 2.018630527133742e-27
2.885530509470636e-27 1.731601589190536e-27
2.322854089672954e-27 1.483999497502099e-27
1.865678529846405e-27 1.270523695315652e-27
1.494686930875920e-27 1.086577552382555e-27
1.194054206308303e-27 9.281756935587182e-28
9.508198689939619e-28 7.918634195497977e-28
7.543731281200543e-28 6.746466568301360e-28
5.960302191579369e-28 5.739310738236959e-28
4.686874753355109e-28 4.874691751665496e-28
3.665365951228534e-28 4.133143384408211e-28
2.848309801407803e-28 3.497808909554761e-28
2.196940057362906e-28 2.954094403826511e-28
1.679617193375656e-28 2.489367744704997e-28
1.270538029650171e-28 2.092697335112924e-28
9.486773798853392e-29 1.754625363810289e-28
6.969201515022947e-29 1.466971082147383e-28
5.013497615052619e-29 1.222660163919658e-28
3.506648358701935e-29 1.015576725752238e-28
2.357011745249782e-29 8.404350302881407e-29
1.490400822077284e-29 6.926682818471923e-29
8.468754779501096e-30 5.683322614941238e-29
3.781153254274189e-30 4.640218420160207e-29
4.526909072691670e-31 3.767986787679217e-29
-1.828053342052716e-30 3.041285946033974e-29
-3.309806350238382e-30 2.438273704508416e-29
-4.190374338808441e-30 1.940138212736316e-29
-4.626267052071272e-30 1.530691834393140e-29
-4.740561656645963e-30 1.196019667827528e-29
-4.629325547687856e-30 9.241753538207414e-30
-4.366859728831237e-30 7.049177745805328e-30
-4.009977209616228e-30 5.294830876201161e-30
-3.601492080972904e-30 3.903872699318895e-30
-3.173063080539033e-30 2.812549862582863e-30
-2.747509309799257e-30 1.966711527881442e-30
-2.340694300796024e-30 1.320520550645707e-30
-1.963057020171763e-30 8.353330556792811e-31
-1.620853960647522e-30 4.787230028381567e-31
-1.317164645219826e-30 2.236316134217558e-31
-1.052703198019560e-30 4.762440234149675e-32
-8.264707404040574e-31 -6.775892024309906e-32
-6.362769406485013e-31 -1.375742110382115e-31
-4.791538240671712e-31 -1.739729318179743e-31
-3.516807251417667e-31 -1.866414096441881e-31
-2.502358576688834e-31 -1.831868297959357e-31
-1.711872455182947e-31 -1.694762481055913e-31
-1.110335714135766e-31 -1.499338790495362e-31
-6.650375965596591e-32 -1.278010630481532e-31
-3.462272237786404e-32 -1.053626253718981e-31
-1.274959267499072e-32 -8.414279410921896e-32
1.406121653394251e-33 -6.507342951355738e-32
9.785756308060689e-33 -4.863701451548182e-32
1.399598020652546e-32 -3.498664812612279e-32
1.533297963685839e-32 -2.404515096204477e-32
1.481322717379051e-32 -1.558531589670541e-32
1.320815748460388e-32 -9.293297782721269e-33
1.108048193082754e-32 -4.817116077599817e-33
8.820269105106515e-33 -1.802226497143720e-33
6.679301340998808e-33 8.391159388261585e-35
4.802585725303560e-33 1.136397458237174e-33
3.256247000873286e-33 1.604788513988900e-33
2.051351811015914e-33 1.690660406659919e-33
1.163501153893329e-33 1.549299721968349e-33
5.482733336069892e-34 1.294179303561493e-33
1.527972954618204e-34 1.003066038754781e-33
-7.611746334739628e-35 7.248236938651640e-34
-1.867738453337652e-34 4.861885261953152e-34
-2.197375905155848e-34 2.980024578806014e-34
-2.067793560497946e-34 1.605779540940739e-34
-1.710789065262265e-34 6.803256887757736e-35
-1.282257879618969e-34 1.156399214613757e-35
-8.763241047439379e-35 -1.826429209456432e-35
-5.406487972295500e-35 -3.009078664335664e-35
-2.908540882872195e-35 -3.100616646950030e-35
-1.228059187324168e-35 -2.630582300214593e-35
-2.217207338630085e-36 -1.957580236811216e-35
2.881218314996305e-36 -1.296782642711853e-35
4.708737622707793e-36 -7.550992762628896e-36
4.653982641380599e-36 -3.661401473241224e-36
3.724500920471644e-36 -1.202079907645086e-36
2.565463545518459e-36 1.286575268381922e-37
1.528210432727574e-36 6.832609880823144e-37
7.554151400536698e-37 7.761310496019830e-37
2.612998541609355e-37 6.446347336054548e-37
-4.465628426089885e-39 4.433494684631892e-37
-1.127644833152598e-37 2.567795709969898e-37
-1.294303332529705e-37 1.192788941526743e-37
-1.039056048584602e-37 3.482498609473381e-38
-6.729155102179408e-38 -7.211963676992710e-39
-3.542309263479747e-38 -2.152446902660426e-38
-1.371743834975559e-38 -2.110737914915967e-38
-1.791002847144838e-39 -1.505085416298543e-38
3.093012749278629e-39 -8.501366514092708e-39
3.934478138211946e-39 -3.627401249557411e-39
3.033201471001049e-39 -8.002316348043506e-40
1.770185696641535e-39 4.311110543438988e-40
7.699315821251019e-40 7.113214388261147e-40
1.809108487296470e-40 5.692669557968058e-40
-7.355223356932719e-41 3.289469859229992e-40
-1.295053965223422e-40 1.367311006618984e-40
-1.005674183382100e-40 2.712859811518502e-41
-5.453313744788656e-41 -1.665975604859145e-41
-1.997581413083999e-41 -2.356123266712289e-41
-1.996626995373847e-42 -1.643529577895255e-41
3.998011308897083e-42 -7.814727616540525e-42
4.055960827500535e-42 -2.176575931622109e-42
2.368349969689071e-42 2.967496292995902e-43
8.921655070733869e-43 8.374718726246465e-43
1.084044531392716e-43 6.105352813424837e-43
-1.428213470158668e-43 2.757554446571203e-43
-1.398891089573479e-43 6.361273445879340e-44
-7.275139315692876e-44 -1.873434402260617e-44
-2.128404351993075e-44 -2.937318938325973e-44
1.343157879279510e-45 -1.724369667507703e-44
5.816988703935965e-45 -5.697298517740642e-45
3.780072919934884e-45 -1.644687340815044e-46
1.325255997956500e-45 1.120105986778313e-45
8.623928180613193e-47 7.804434986113936e-46
-2.157451600593410e-46 2.762425508273823e-46
-1.532037346767197e-46 1.853341546217458e-47
-5.203541181348381e-47 -4.220299044401995e-47
-2.087591818718802e-48 -2.860040907595068e-47
8.321574250655949e-48 -8.781588038523146e-48
5.026841990880648e-48 1.718135279325072e-49
1.287271381899280e-48 1.608617548634155e-48
-1.670783923041966e-49 8.143267686446745e-49
-2.936842277008450e-49 1.512073530508506e-49
-1.172890977144719e-49 -5.427781004137126e-50
-1.049048284175099e-50 -4.865832559340667e-50
1.256914412629447e-50 -1.407223166365494e-50
6.990216894422775e-51 8.158941705963600e-52
1.192193358498307e-51 2.290726495979553e-51
-4.565013192170611e-52 8.125560527926254e-52
-3.303608208851855e-52 1.652714992189859e-53
-6.463500350842415e-53 -9.561981709472949e-53
1.720434477643315e-53 -3.565117302716533e-53
1.331936060787113e-53 -7.909053101066854e-55
2.310336472073183e-54 3.766903196580866e-54
-7.490976937826503e-55 1.227114545116227e-54
-4.573820521471125e-55 -4.312179561213846e-56
-4.826034217584192e-56 -1.358413907447065e-55
3.225926434177598e-56 -3.052671336696132e-56
1.228805026618882e-56 5.423639900209019e-57
-1.500977394256490e-58 3.984001921137763e-57
-1.101999832129851e-57 3.661882458454916e-58
-2.033539552951423e-58 -2.622572833752582e-58
5.194891549522996e-59 -7.718270870953488e-59
2.448783598116312e-59 7.406774611884213e-60
-1.057558186016071e-61 6.898589392791556e-60
-1.771137534932162e-60 4.382455764875200e-61
-2.183713508679721e-61 -4.196766242790386e-61
9.228027864630030e-62 -7.711962152767781e-62
2.331588610632718e-62 1.882876818449750e-62
-3.543011569043960e-63 6.406050532176946e-63
-1.644967730824369e-63 -6.049993757719603e-64
9.023066821770947e-65 -4.012634922875029e-64
9.399814079096709e-65 1.053534195592351e-65
-5.086312380135560e-67 2.131274144250676e-65
-4.704937249339452e-66 1.974174518489863e-67
-8.719591422018793e-68 -1.015680411116930e-66
2.150421646950651e-67 -2.312561039264588e-68
4.770929780857784e-69 4.472005047988865e-68
-9.134758813582982e-69 7.598595941419676e-70
-6.802787912479171e-71 -1.830025340872367e-69
3.584879392953877e-70 1.123129105103112e-71
-8.416829812021942e-72 6.835443547212637e-71
-1.260640869424665e-71 -3.038484090351440e-72
8.734093552802957e-73 -2.229489874366721e-72
3.734904964779593e-73 2.204209533348966e-73
-5.057342917649116e-74 5.814126301822621e-74
-8.121615068238994e-75 -1.070272068188127e-74
2.097333847631445e-75 -9.394330765326710e-76
6.068688511171891e-77 3.908090096074392e-76
